5 7 2
0 l_img 28 1 0
1 l_ans 10 1 0
2 l_hid0 150 3 3
3 l_hid1 50 3 3
4 l_hid2 100 3 1
0 2 0 1 0.4 1.0
1 3 0 1 0.4 1.0
2 2 1 0 0.2 0
3 3 1 0 0.2 0
2 4 0 1 0.45 0.4
3 4 0 1 0.45 0.4
4 4 1 0 0.1 0
0 1

5 4 2
0 l_img 28 1 0
1 l_ans 10 1 0
2 l_hid0 50 3 1
3 l_hid1 50 3 1
4 l_hid2 50 3 2
1 3 0 1 0.4 1.0
3 3 1 0 0.2 0
3 4 0 1 0.8 0.4
4 4 1 0 0.2 0
0 1

5 7 2
0 l_img 28 1 0
1 l_ans 10 1 0
2 l_hid0 50 3 1
3 l_hid1 50 3 1
4 l_hid2 50 3 2
0 2 0 1 0.4 1.0
1 3 0 1 0.4 1.0
2 2 1 0 0.2 0
3 3 1 0 0.2 0
2 4 0 1 0.3 0.4
3 4 0 1 0.3 0.4
4 4 1 0 0.4 0.4
0 1


5 7 2
0 l_img 28 1 0
1 l_ans 10 1 0
2 l_hid0 200 3 1
3 l_hid1 100 3 2
4 l_hid2 100 3 2
0 2 0 1 0.2 0.5
1 4 0 1 0.2 0.4
2 2 1 0 0.2 0
3 3 1 0 0.3 0
2 3 0 1 0.5 0.2 
3 4 0 1 0.5 0.2
4 4 1 0 0.2 0 
0 1

5 7 2
0 l_img 28 1 0
1 l_ans 10 1 1
2 l_hid0 200 3 1
3 l_hid1 20 3 1
4 l_hid2 50 3 1
0 2 0 1 0.4 1.0
1 3 0 1 0.4 1.0
2 2 1 0 0.4 0
3 3 1 0 0.4 0
2 4 0 1 0.4 0.4 
3 4 0 1 0.4 0.4
4 4 1 0 0.4 0 
0 1

5 4 2
0 l_img 28 1 0
1 l_ans 10 0 0
2 l_hid0 100 3 1
3 l_hid1 50 0 1
4 l_hid2 50 2 2
0 2 0 1 0.7
2 2 1 0 0.4
2 4 0 1 0.6
4 4 1 0 0.4
0 1

5 4 2
0 l_img 28 0 0
1 l_ans 10 1 0
2 l_hid0 20 0 1
3 l_hid1 50 3 1
4 l_hid2 50 2 2
1 3 0 1 0.7
3 3 1 0 0.4
3 4 0 1 0.6
4 4 1 0 0.4
0 1


5 7 2
0 l_img 28 1 0
1 l_ans 10 1 0
2 l_hid0 20 3 1
3 l_hid1 50 3 1
4 l_hid2 50 3 2
0 2 1 0
1 3 1 0
2 2 1 0
3 3 1 0
2 4 0 1
3 4 0 1
4 4 1 0
0 1

3 3 2
0 l_img 28 1 0
1 l_ans 10 1 0
2 l_hid0 150 3 3
0 2 0 1
1 2 0 1
2 2 1 0
0 1

5 7 2
0 l_img 28 1 0
1 l_ans 10 1 0
2 l_hid0 50 3 2
3 l_hid1 20 3 2
4 l_hid2 30 3 5
0 2 0 1
1 3 0 1
2 2 1 0
3 3 1 0
2 4 0 1
3 4 0 1
4 4 1 0
0 1


3 4 1
0 l_in 28 1
1 l_hid0 30 3
2 l_hid1 30 2
0 1 0 1
1 2 0 1
1 1 1 0
2 2 1 0
0
